5.622977264601602 5.533374186251243 5.618469100051138 5.634542822993933 5.43622503568558 
6.8387464245543 6.949316472318361 6.954314889817655 7.0160691494000655 6.983174510128618 
4.936070182359333 5.003788280523857 4.823044890107451 5.004740126844545 5.151093799705807 
6.231844282144912 6.3204123605455695 6.3391810514161175 6.272322110713905 6.357802564595773 
5.336667944654175 5.513277669462339 5.461936849685856 5.333639016037262 5.517761698983113 
6.823093831934906 6.903272876887946 6.810546439967853 6.783081269526375 6.844045410996118 
4.632930568078046 4.573040175039449 4.857565513118537 4.7370221385040425 4.820199624477964 
5.973486412212357 6.060286494992514 6.10834243928266 6.0387450932415065 6.032602205377047 
4.799457048297275 5.074404665010368 4.904556694922129 4.713183102941549 5.028276479926207 
5.999863781645656 6.122608708783328 6.038136636409754 6.13888944332414 6.04630186374674 
3.2518216015246457 3.252666599582139 3.035168870463867 3.0004953059021826 3.2307214429678544 
4.488876715135479 4.427600660415472 4.336723136497664 4.512520018209581 4.416349714153313 
4.664867015205808 4.8732805542365165 4.863539102639584 4.758985658414003 4.812446382713821 
5.9987412199503565 5.993629577061725 6.076968147050342 6.031833067454985 6.011440179202484 
3.510566512569775 3.1181240918197486 3.1435346065711895 3.025800306065017 3.0904071394563863 
4.441203487037422 4.373586497438909 4.431268463759415 4.370376846802874 4.447821599456046 
