-0.1907924952779565 -2.497705474412373
-0.16070256580074727 -2.0802784525252753
-0.15367945818595485 -1.8627318674216515
-0.15188622523140616 -1.7087352578229016
-0.15111142880415862 -1.5870558322903148
-0.1328926462311193 -1.485165456902677
-0.1297567274361393 -1.3967126453904508
-0.11900589362427061 -1.318010897303537
-0.10957786468950026 -1.2467204983795792
-0.10451854992223097 -1.1812586209770397
-0.0996909123846379 -1.1205017670747006
-0.09901761972728718 -1.0636219383377197
-0.09598869111037445 -1.009990169249582
-0.09122103576556206 -0.9591166172276023
-0.08727939184003697 -0.9106117068724701
-0.07246819173834407 -0.8641600043183083
-0.06929630513626694 -0.819502107568254
-0.06920611680885891 -0.7764217611479277
-0.05956243947667472 -0.7347364778072544
-0.04972669633626481 -0.6942905757030833
-0.04767727354886553 -0.654949917100686
-0.042474532096059114 -0.6165978697170302
-0.03926488146002427 -0.579132162255556
-0.035743495665456315 -0.5424624043125493
-0.03563808422794423 -0.5065081069291113
-0.03415192472523376 -0.4711970852299657
-0.031990363169351 -0.4364641560081164
-0.031023450372169137 -0.40225006532172536
-0.028892861082253418 -0.3685005970971567
-0.02378121819362189 -0.3351658253080253
-0.022858223035183478 -0.30219948081476244
-0.022261525894786693 -0.2695584102801578
-0.020064334728989053 -0.23720210932878769
-0.011082258941494061 -0.20509231571520853
-0.010090323644169175 -0.17319265100642342
-0.00971413392773357 -0.1414683013821586
-0.008813388466830219 -0.1098857297659914
-0.003947435779709352 -0.0784124127331122
0.000581096702623185 -0.04701659657781415
0.0009921830745609483 -0.015667067624769982
0.005990600573855254 0.015667067624769982
0.009310629311007013 0.04701659657781429
0.011237445133478907 0.0784124127331122
0.01287053466043453 0.10988572976599126
0.016099886662313878 0.1414683013821586
0.017593965971298253 0.17319265100642342
0.017822640071873508 0.20509231571520872
0.01841708486048166 0.23720210932878769
0.02004082461565826 0.26955841028015765
0.02099267093634616 0.30219948081476244
0.02835210813848832 0.3351658253080253
0.02928021392130642 0.3685005970971569
0.034850220884817595 0.40225006532172536
0.03486857753286188 0.4364641560081162
0.03497022055711252 0.4711970852299657
0.049351418134438774 0.5065081069291113
0.052462666253177304 0.5424624043125496
0.053448622001404544 0.579132162255556
0.053490090712517535 0.6165978697170301
0.05385958268490221 0.654949917100686
0.054445708906363244 0.6942905757030833
0.06542514107723374 0.7347364778072545
0.06564991026144451 0.7764217611479277
0.06774486015626557 0.8195021075682538
0.06891535999763665 0.8641600043183083
0.06972935654221679 0.9106117068724701
0.07046491102530617 0.9591166172276024
0.07610596932727898 1.009990169249582
0.07654667887971689 1.0636219383377197
0.07865681159456894 1.1205017670747006
0.08062103369779017 1.1812586209770397
0.08510506321856415 1.2467204983795792
0.09604802063435613 1.318010897303537
0.09764683743650826 1.3967126453904506
0.09849183549400164 1.485165456902677
0.12430088170670128 1.5870558322903143
0.13341390927492913 1.7087352578229025
0.16734634379760838 1.8627318674216515
0.17042906679086212 2.0802784525252744
0.3328799812733516 2.497705474412374
