5.569117681916699 0.05385958268490221
5.569117681916699 -0.035743495665456315
5.569117681916699 0.049351418134438774
5.569117681916699 0.06542514107723374
5.569117681916699 -0.1328926462311193
6.9483242892438 -0.10957786468950026
6.9483242892438 0.0009921830745609483
6.9483242892438 0.005990600573855254
6.9483242892438 0.06774486015626557
6.9483242892438 0.034850220884817595
4.9837474559081985 -0.04767727354886553
4.9837474559081985 0.02004082461565826
4.9837474559081985 -0.16070256580074727
4.9837474559081985 0.02099267093634616
4.9837474559081985 0.16734634379760838
6.304312473883256 -0.07246819173834407
6.304312473883256 0.016099886662313878
6.304312473883256 0.03486857753286188
6.304312473883256 -0.031990363169351
6.304312473883256 0.053490090712517535
5.432656635764549 -0.09598869111037445
5.432656635764549 0.08062103369779017
5.432656635764549 0.02928021392130642
5.432656635764549 -0.09901761972728718
5.432656635764549 0.08510506321856415
6.8328079658626395 -0.00971413392773357
6.8328079658626395 0.07046491102530617
6.8328079658626395 -0.022261525894786693
6.8328079658626395 -0.04972669633626481
6.8328079658626395 0.011237445133478907
4.724151603843608 -0.09122103576556206
4.724151603843608 -0.15111142880415862
4.724151603843608 0.13341390927492913
4.724151603843608 0.01287053466043453
4.724151603843608 0.09604802063435613
6.042692529021216 -0.06920611680885891
6.042692529021216 0.017593965971298253
6.042692529021216 0.06564991026144451
6.042692529021216 -0.003947435779709352
6.042692529021216 -0.010090323644169175
4.903975598219506 -0.10451854992223097
4.903975598219506 0.17042906679086212
4.903975598219506 0.000581096702623185
4.903975598219506 -0.1907924952779565
4.903975598219506 0.12430088170670128
6.069160086781923 -0.06929630513626694
6.069160086781923 0.053448622001404544
6.069160086781923 -0.031023450372169137
6.069160086781923 0.06972935654221679
6.069160086781923 -0.022858223035183478
3.1541747640881375 0.09764683743650826
3.1541747640881375 0.09849183549400164
3.1541747640881375 -0.11900589362427061
3.1541747640881375 -0.15367945818595485
3.1541747640881375 0.07654667887971689
4.436414048882302 0.052462666253177304
4.436414048882302 -0.008813388466830219
4.436414048882302 -0.0996909123846379
4.436414048882302 0.07610596932727898
4.436414048882302 -0.020064334728989053
4.794623742641948 -0.1297567274361393
4.794623742641948 0.07865681159456894
4.794623742641948 0.06891535999763665
4.794623742641948 -0.03563808422794423
4.794623742641948 0.017822640071873508
6.022522438143978 -0.02378121819362189
6.022522438143978 -0.028892861082253418
6.022522438143978 0.054445708906363244
6.022522438143978 0.009310629311007013
6.022522438143978 -0.011082258941494061
3.1776865312964233 0.3328799812733516
3.1776865312964233 -0.05956243947667472
3.1776865312964233 -0.03415192472523376
3.1776865312964233 -0.15188622523140616
3.1776865312964233 -0.08727939184003697
4.412851378898933 0.02835210813848832
4.412851378898933 -0.03926488146002427
4.412851378898933 0.01841708486048166
4.412851378898933 -0.042474532096059114
4.412851378898933 0.03497022055711252
